sim_time cohesion
50 3.42
100 1.16
150 2.51
200 2.07
250 2.13
300 5.82
350 0.69
400 0.82
450 -0.03
500 1.99
550 3.26
600 7.82
650 6.05
700 3.66
750 5.2
800 7.4
850 8.29
900 9.5
950 3.87
1000 5.84
1050 5.79
1100 4.6
1150 6.51
1200 4.2
1250 6.54
1300 4.19
1350 10.54
1400 13.86
1450 8.35
1500 5.83
1550 8.38
1600 14.37
1650 6.46
1700 10.35
1750 10.31
1800 11.61
1850 8.55
1900 11.14
1950 18.88
2000 12.19
2050 10.38
2100 2.87
2150 9.94
2200 8.3
2250 7.19
2300 10.79
2350 16.22
2400 14.92
2450 21.64
2500 18.53
2550 25.92
2600 18.62
2650 24.28
2700 21.51
2750 25.57
2800 25.07
2850 28.63
2900 36.85
2950 38.61
3000 40.99
3050 35.74
3100 28.19
3150 30.02
3200 30.81
3250 21.59
3300 20.86
3350 20.5
3400 18.37
3450 24.34
3500 26.3
3550 21.3
3600 25.85
3650 23.92
3700 28.17
3750 23.76
3800 28.06
3850 38.39
3900 38.62
3950 26.62
4000 32.04
4050 31.2
4100 38.92
4150 31.78
4200 37.25
4250 38.92
4300 29.1
4350 36.16
4400 28.51
4450 24.61
4500 24.38
4550 23.37
4600 26.98
4650 20.69
4700 22.61
4750 27.98
4800 21.48
4850 30.7
4900 20.78
4950 28.19
5000 30.12
5050 27.73
5100 27.06
5150 29.26
5200 20.65
5250 21.13
5300 22.28
5350 29.46
5400 32.76
5450 24.57
5500 21.17
5550 21.95
5600 24.08
5650 23.24
5700 26.03
5750 24.4
5800 24.06
5850 40.27
5900 30.65
5950 28.35
6000 22.24
6050 23.69
6100 18.8
6150 21.87
6200 23.91
6250 30.9
6300 28.5
6350 28.43
6400 28.37
6450 29.34
6500 32.54
6550 35.16
6600 35.24
6650 35.06
6700 28.89
6750 30.73
6800 32.78
6850 32.05
6900 28.07
6950 29.07
7000 22.13
7050 32.13
7100 20.39
7150 20.78
7200 20.47
7250 19.7
7300 22.57
7350 22.77
7400 22.01
7450 37.45
7500 32.24
7550 31.35
7600 31.56
7650 32.82
7700 30.73
7750 31.62
7800 32.22
7850 37.38
7900 42.88
7950 43.85
8000 44.37
8050 38.16
8100 46.85
8150 43.87
8200 33.93
8250 35.35
8300 35.67
8350 43.49
8400 35.93
8450 36.05
8500 33.33
8550 31.28
8600 34.42
8650 28.93
8700 25.01
8750 22.45
8800 23.21
8850 25.61
8900 28.48
8950 27.19
9000 26.77
9050 23.67
9100 28.72
9150 27.84
9200 30.16
9250 28.32
9300 22.98
9350 27.68
9400 22.02
9450 31.84
9500 32.55
9550 36.35
9600 25.73
9650 31.09
9700 30.36
9750 34.93
9800 35.89
9850 36.5
9900 41.88
9950 42.1
10000 46.8
10050 46.5
10100 39.74
10150 29.19
10200 37.98
10250 28.36
10300 33.15
10350 40.29
10400 35.27
10450 38.72
10500 32.01
10550 38.89
10600 38.03
10650 38.44
10700 38.44
10750 39.76
10800 36.59
10850 43.36
10900 51.99
10950 43.35
11000 39.19
11050 38.85
11100 44.97
11150 55.7
11200 51.7
11250 44.84
11300 41.78
11350 47.48
11400 47.57
11450 45.2
11500 36.7
11550 43
11600 52.13
11650 46.35
11700 47.24
11750 41.46
11800 30.26
11850 42.51
11900 44.07
11950 37.21
12000 41.34
12050 40.74
12100 32.7
12150 30.88
12200 37.37
12250 30.87
12300 26.78
12350 38.84
12400 38.61
12450 36.94
12500 32.3
12550 42.07
12600 38.48
12650 37.04
12700 36.43
12750 40.11
12800 44.76
12850 33
12900 36.95
12950 45.8
13000 52.42
13050 37.26
13100 27.95
13150 29.39
13200 37.6
13250 35.98
13300 40.59
13350 32.74
13400 32.07
13450 28.31
13500 27.26
13550 24.36
13600 22.13
13650 16.99
13700 28.39
13750 29.24
13800 31.62
13850 21.79
13900 28.32
13950 33.91
14000 25.62
14050 24.26
14100 27.24
14150 24.47
14200 19.36
14250 25.43
14300 31.71
14350 20.79
14400 25.24
14450 27.34
14500 25.75
14550 25.43
14600 23.88
14650 22.3
14700 22.37
14750 23.53
14800 32.63
14850 32.67
14900 29.6
14950 23.84
15000 26.67
15050 24.36
15100 19.7
15150 22.36
15200 18.51
15250 25.97
15300 17.67
15350 22.13
15400 21.67
15450 24.39
15500 24.19
15550 16.42
15600 18.7
15650 13.71
15700 15.25
15750 12.9
15800 13.55
15850 15.4
15900 13.68
15950 15.43
16000 14.05
16050 24.69
16100 21.67
16150 25.63
16200 28.39
16250 21.68
16300 20.47
16350 19.32
16400 19.78
16450 23.7
16500 20.8
16550 19.7
16600 20.06
16650 17.48
16700 21.82
16750 14.15
16800 8.06
16850 7.55
16900 18.19
16950 21.01
17000 19.47
17050 15.79
17100 11.62
17150 13.53
17200 17.27
17250 23.24
17300 19.3
17350 24.52
17400 26.59
17450 27.52
17500 27.11
17550 28.63
17600 31.35
17650 25.48
17700 21.48
17750 27.35
17800 27.53
17850 29.17
17900 27.5
17950 23.87
18000 20.34
18050 20.92
18100 23.96
18150 37.25
18200 28.27
18250 24.15
18300 22.58
18350 28.95
18400 28.24
18450 24.59
18500 25.93
18550 22.99
18600 21.63
18650 24.14
18700 25.33
18750 21.01
18800 22.11
18850 27.92
18900 27.2
18950 33.02
19000 30.75
19050 28.67
19100 25.56
19150 38.92
19200 39.42
19250 52.65
19300 47.37
19350 32.82
19400 41.53
19450 46.22
19500 42.54
19550 42.84
19600 43.51
19650 42.53
19700 39.44
19750 44.5
19800 48.27
19850 47.54
19900 45.77
19950 45.75
20000 36.16