sim_time cohesion
50 0.34 
100 -0.12 
150 0.81 
200 0.99 
250 0.72 
300 4.35 
350 0.39 
400 -0.12 
450 1.36 
500 0.2 
550 -0.05 
600 -0.32 
650 -0.61 
700 0.3 
750 0.84 
800 0.6 
850 1.91 
900 1.73 
950 1.16 
1000 1.24 
1050 2.34 
1100 1.47 
1150 3.62 
1200 3.45 
1250 2.76 
1300 6.5 
1350 7.19 
1400 5.29 
1450 6.78 
1500 8.58 
1550 9.86 
1600 12.81 
1650 12.76 
1700 14.88 
1750 14.08 
1800 9.86 
1850 18.92 
1900 16.95 
1950 18.87 
2000 22.52 
2050 21.99 
2100 16.79 
2150 24.97 
2200 15.84 
2250 28.49 
2300 31.31 
2350 22.28 
2400 28.25 
2450 28.7 
2500 23.39 
2550 26.44 
2600 28.14 
2650 30.1 
2700 28.02 
2750 34 
2800 34.84 
2850 25.97 
2900 35.73 
2950 36.8 
3000 33.67 
3050 38.21 
3100 32.85 
3150 35.07 
3200 46.59 
3250 37.56 
3300 42.37 
3350 45 
3400 40.72 
3450 47.6 
3500 40.78 
3550 48.28 
3600 40.34 
3650 44.2 
3700 42.77 
3750 41.02 
3800 46.8 
3850 46.8 
3900 44.63 
3950 45.87 
4000 33.92 
4050 44.17 
4100 50.53 
4150 52.45 
4200 50.38 
4250 50.88 
4300 59.23 
4350 55.41 
4400 55.6 
4450 52.16 
4500 48.65 
4550 53.38 
4600 46.84 
4650 54.54 
4700 55.72 
4750 47.2 
4800 50.77 
4850 50.85 
4900 53.26 
4950 56.76 
5000 42.13 
5050 50.65 
5100 49.97 
5150 51.72 
5200 52.3 
5250 48.69 
5300 49.82 
5350 56.6 
5400 58.24 
5450 58.06 
5500 53.71 
5550 59.74 
5600 58.01 
5650 62.12 
5700 56.08 
5750 49.87 
5800 56.92 
5850 64.65 
5900 62.2 
5950 59.74 
6000 59.93 
6050 61.58 
6100 64.32 
6150 64.32 
6200 61.14 
6250 66.11 
6300 66.43 
6350 68.85 
6400 61.82 
6450 64.06 
6500 60.44 
6550 51.96 
6600 61.92 
6650 65.67 
6700 68.74 
6750 66.92 
6800 64.61 
6850 59.08 
6900 61.87 
6950 61.76 
7000 60.56 
7050 65.25 
7100 74.2 
7150 73.06 
7200 65.5 
7250 70.01 
7300 64.35 
7350 68.12 
7400 71.92 
7450 67 
7500 63.45 
7550 64.9 
7600 63.79 
7650 72.2 
7700 65.53 
7750 64.55 
7800 68.36 
7850 66.59 
7900 65.71 
7950 65 
8000 65.71 
8050 66.15 
8100 72.84 
8150 72.44 
8200 67.77 
8250 72.81 
8300 70.2 
8350 68 
8400 65.53 
8450 66.53 
8500 62.34 
8550 66.59 
8600 70.24 
8650 65.32 
8700 68.11 
8750 68.37 
8800 74.43 
8850 71.78 
8900 73.6 
8950 68.08 
9000 72.59 
9050 73.68 
9100 74.82 
9150 70.4 
9200 74.54 
9250 65.02 
9300 70.58 
9350 70.62 
9400 68.42 
9450 73.96 
9500 71.72 
9550 66.72 
9600 69.99 
9650 72.91 
9700 65.61 
9750 67.97 
9800 66.68 
9850 68.68 
9900 64.42 
9950 66.2 
10000 68.3 
10050 67.06 
10100 67.26 
10150 72.11 
10200 75.42 
10250 73.41 
10300 69.31 
10350 65.01 
10400 67.4 
10450 70.26 
10500 64.17 
10550 58.82 
10600 72.04 
10650 68.78 
10700 68.23 
10750 62.9 
10800 64.91 
10850 65.79 
10900 70.93 
10950 69.63 
11000 69.53 
11050 67.51 
11100 68.14 
11150 70.55 
11200 70.12 
11250 71.42 
11300 70.81 
11350 69.06 
11400 63.95 
11450 69.75 
11500 66.41 
11550 72.27 
11600 71.15 
11650 68.52 
11700 74.21 
11750 69.2 
11800 72.63 
11850 71.18 
11900 67.66 
11950 76.14 
12000 75.49 
12050 74.35 
12100 72.86 
12150 67.52 
12200 69.23 
12250 70.83 
12300 76.72 
12350 69.01 
12400 66.61 
12450 71.2 
12500 68.98 
12550 70.4 
12600 68 
12650 65.03 
12700 65.14 
12750 66.88 
12800 69.87 
12850 79.45 
12900 68.58 
12950 65.65 
13000 73.74 
13050 69.86 
13100 78.33 
13150 73.47 
13200 75.84 
13250 72.81 
13300 73.38 
13350 70.39 
13400 66.56 
13450 68.66 
13500 66.38 
13550 69.52 
13600 71.33 
13650 75.33 
13700 65.81 
13750 74.16 
13800 70.45 
13850 72.96 
13900 67.93 
13950 66.96 
14000 68.72 
14050 73.66 
14100 72.06 
14150 73.69 
14200 74.25 
14250 70.86 
14300 75.58 
14350 74.95 
14400 70.17 
14450 72.4 
14500 70.72 
14550 68.93 
14600 72.46 
14650 67.97 
14700 65.61 
14750 70.74 
14800 68.88 
14850 71.57 
14900 70.03 
14950 64.04 
15000 68.27 
15050 72.9 
15100 69.43 
15150 72.86 
15200 68.34 
15250 70.78 
15300 69.09 
15350 70.83 
15400 70 
15450 72.23 
15500 73.8 
15550 70.74 
15600 67.47 
15650 75.12 
15700 71.61 
15750 67 
15800 68.37 
15850 62.89 
15900 74.59 
15950 73.2 
16000 70.75 
16050 73.58 
16100 70.39 
16150 73.8 
16200 72 
16250 66.54 
16300 65.85 
16350 71.42 
16400 70.16 
16450 65.87 
16500 62.97 
16550 66.27 
16600 73.08 
16650 66.49 
16700 73.29 
16750 64.89 
16800 68.26 
16850 69.74 
16900 78.45 
16950 76.59 
17000 74.17 
17050 69.25 
17100 72.39 
17150 72.95 
17200 74.38 
17250 71.49 
17300 70.53 
17350 70.48 
17400 74.96 
17450 74 
17500 78.1 
17550 73.52 
17600 67.99 
17650 77.49 
17700 77.74 
17750 79.72 
17800 77.82 
17850 71.3 
17900 69.43 
17950 74.32 
18000 75.39 
18050 71.86 
18100 74.13 
18150 76.45 
18200 77.77 
18250 76.18 
18300 78.26 
18350 72.19 
18400 72.64 
18450 75.53 
18500 72.31 
18550 81.48 
18600 71.81 
18650 78.96 
18700 72.07 
18750 70.21 
18800 75.27 
18850 80.73 
18900 73.9 
18950 71.9 
19000 74.73 
19050 70.39 
19100 70.83 
19150 70.15 
19200 71.65 
19250 73.26 
19300 69.62 
19350 72.18 
19400 74.45 
19450 72.45 
19500 71.49 
19550 75.34 
19600 70.11 
19650 69.83 
19700 73.65 
19750 72.59 
19800 69.32 
19850 73.75 
19900 70.12 
19950 71.79 
20000 67.93 
