sim_time cohesion
50 -0.16
100 -0.71
150 -0.1
200 5.89
250 1.58
300 7.97
350 3.15
400 6.29
450 8.17
500 5.82
550 8.87
600 4.13
650 13.27
700 14.47
750 18.45
800 17.97
850 16.81
900 20.23
950 20.71
1000 21.45
1050 19.39
1100 19.86
1150 13.89
1200 13.9
1250 16.72
1300 28.28
1350 22.45
1400 22.09
1450 20.78
1500 25.91
1550 17.84
1600 20.69
1650 22.46
1700 17.58
1750 20.17
1800 12.92
1850 20.31
1900 24.33
1950 20.89
2000 19.93
2050 22.14
2100 25.89
2150 26.44
2200 26.41
2250 25.04
2300 31.02
2350 27.41
2400 20.93
2450 19.81
2500 20.62
2550 24.39
2600 27.21
2650 23.91
2700 30.17
2750 27.81
2800 29
2850 32.4
2900 29
2950 36.83
3000 33.72
3050 47.93
3100 39.41
3150 40.82
3200 47.53
3250 46.3
3300 45.95
3350 49.9
3400 43.83
3450 47.92
3500 42.3
3550 38.54
3600 53.2
3650 44.99
3700 49.81
3750 42.66
3800 42.14
3850 41.38
3900 45.96
3950 41.84
4000 52.44
4050 39.2
4100 36.23
4150 40.6
4200 35.69
4250 45.46
4300 50.01
4350 50.09
4400 41.02
4450 44.33
4500 45.83
4550 44.31
4600 42.22
4650 42.26
4700 41.12
4750 43.84
4800 46.14
4850 44.52
4900 51.53
4950 59.45
5000 54.89
5050 50.18
5100 51.25
5150 49.92
5200 40.45
5250 46.4
5300 45.18
5350 40.71
5400 53.23
5450 44.92
5500 49.98
5550 46.56
5600 48.31
5650 46.7
5700 47.31
5750 47.73
5800 48.55
5850 46.85
5900 42.39
5950 56.55
6000 47.82
6050 49.77
6100 53.72
6150 51.7
6200 55.08
6250 57.97
6300 53.97
6350 50.49
6400 54.86
6450 57.98
6500 51.01
6550 51.74
6600 42.78
6650 46.42
6700 46.26
6750 47.05
6800 46.11
6850 47.59
6900 53.3
6950 43.82
7000 44.78
7050 50.31
7100 41.3
7150 47.95
7200 54.85
7250 53.97
7300 56.91
7350 50.51
7400 47.74
7450 50.74
7500 45.68
7550 42.62
7600 48.64
7650 43.85
7700 47.44
7750 43.83
7800 35.95
7850 38.91
7900 45.02
7950 51.97
8000 49.63
8050 40.09
8100 43.75
8150 54.76
8200 51.54
8250 44.02
8300 52.53
8350 51
8400 50.64
8450 54.88
8500 48.39
8550 49.01
8600 38.02
8650 43.66
8700 35.89
8750 40.59
8800 44.81
8850 44.9
8900 49.11
8950 49.65
9000 49.6
9050 53.85
9100 48.59
9150 52.35
9200 53.01
9250 49.75
9300 54.79
9350 56.13
9400 63.81
9450 60.54
9500 52.19
9550 50.23
9600 48.92
9650 52.43
9700 54.81
9750 47.49
9800 47.4
9850 53.68
9900 48.86
9950 52.04
10000 50.85
10050 54.7
10100 53.32
10150 59.64
10200 50.3
10250 50.89
10300 49.46
10350 46.85
10400 37.96
10450 38.03
10500 40.78
10550 52.98
10600 52.75
10650 55.82
10700 54.07
10750 52.03
10800 52.44
10850 57.65
10900 59.47
10950 53.63
11000 50.62
11050 55.17
11100 51.78
11150 47.88
11200 53.2
11250 59.35
11300 58.09
11350 59.99
11400 56.02
11450 52.79
11500 57.38
11550 58.59
11600 60.25
11650 63.36
11700 58.55
11750 63.19
11800 58.12
11850 59.02
11900 64.12
11950 62.67
12000 65.89
12050 57.63
12100 58.38
12150 54.39
12200 56.5
12250 64.42
12300 62.06
12350 60.98
12400 61.04
12450 59.89
12500 58.15
12550 56.49
12600 64.27
12650 68.17
12700 63.82
12750 57.59
12800 66.75
12850 62.96
12900 60.8
12950 63.06
13000 57.34
13050 55.86
13100 54.72
13150 50.95
13200 53.85
13250 58.24
13300 53.53
13350 64.33
13400 65.61
13450 64.13
13500 58.88
13550 52.51
13600 49.81
13650 51.02
13700 46.5
13750 52.72
13800 57.14
13850 60.99
13900 39.26
13950 43.35
14000 44.61
14050 57.46
14100 50.48
14150 46.79
14200 51.41
14250 49.31
14300 50.67
14350 48.66
14400 48.57
14450 49.73
14500 50.64
14550 55.94
14600 57.28
14650 64.12
14700 56.14
14750 55.56
14800 62.13
14850 61.78
14900 66.71
14950 68.67
15000 66.98
15050 60.84
15100 62.59
15150 60.87
15200 65.01
15250 63.08
15300 61.09
15350 55.12
15400 54.12
15450 61.84
15500 60.96
15550 61.5
15600 51.23
15650 62.2
15700 54.88
15750 57.29
15800 49.88
15850 56.59
15900 61.32
15950 53.03
16000 57.8
16050 65.06
16100 59.78
16150 59.37
16200 59.67
16250 50.44
16300 58.68
16350 58.34
16400 53.61
16450 58.98
16500 57.12
16550 66.92
16600 65.97
16650 62.05
16700 70.53
16750 67.11
16800 68.12
16850 65.1
16900 68.1
16950 64.15
17000 61.69
17050 61.14
17100 64.27
17150 64.77
17200 64.22
17250 62.71
17300 64.57
17350 64.33
17400 55.72
17450 52.12
17500 61.61
17550 52.23
17600 50.54
17650 53.39
17700 58.16
17750 56.73
17800 56.15
17850 59.02
17900 51.92
17950 57.47
18000 54.93
18050 54.88
18100 54.51
18150 61.49
18200 62.4
18250 67.58
18300 61.18
18350 66.67
18400 65.98
18450 63.77
18500 63.58
18550 57.35
18600 56.9
18650 54.08
18700 57.77
18750 56.51
18800 58.23
18850 50.25
18900 47.86
18950 48.42
19000 50.05
19050 44.26
19100 44.34
19150 47.12
19200 48.6
19250 56.56
19300 62.92
19350 57.78
19400 56.58
19450 53.8
19500 53.88
19550 57.75
19600 59.21
19650 62.99
19700 53.45
19750 54.64
19800 63.09
19850 55.12
19900 59.16
19950 60.99
20000 61.87