sim_time cohesion
50 -0.69 
100 0.9 
150 -0.97 
200 -0.76 
250 -1.73 
300 -1.41 
350 2.56 
400 -1.24 
450 -2.09 
500 -1.48 
550 -1.98 
600 -1.99 
650 -1.54 
700 0.72 
750 3.82 
800 -1.65 
850 -2.36 
900 -0.47 
950 -1.99 
1000 1.16 
1050 0.44 
1100 -0.99 
1150 1.91 
1200 4.07 
1250 1.47 
1300 3.66 
1350 1.71 
1400 0.47 
1450 0.64 
1500 5.78 
1550 3.41 
1600 15.31 
1650 15.16 
1700 17.54 
1750 12.45 
1800 26.74 
1850 8.85 
1900 12.6 
1950 16.39 
2000 19.83 
2050 17.17 
2100 30.54 
2150 18.9 
2200 12.43 
2250 23.09 
2300 13.83 
2350 19.84 
2400 13.83 
2450 10.88 
2500 8.16 
2550 22.31 
2600 13.67 
2650 17.09 
2700 27.66 
2750 27.99 
2800 21.53 
2850 27.37 
2900 27.19 
2950 25.27 
3000 34.59 
3050 45.42 
3100 23.6 
3150 13.74 
3200 21.31 
3250 26.63 
3300 28.45 
3350 32.62 
3400 23.31 
3450 27.5 
3500 27.39 
3550 12.75 
3600 15.63 
3650 16.74 
3700 15.01 
3750 20.23 
3800 13.3 
3850 11.08 
3900 17.79 
3950 23.8 
4000 20.58 
4050 25.99 
4100 29.48 
4150 27.48 
4200 16.34 
4250 34.88 
4300 37.3 
4350 28.08 
4400 26.4 
4450 37.45 
4500 23.55 
4550 19.01 
4600 22.87 
4650 22.83 
4700 33.07 
4750 45.98 
4800 23.69 
4850 42 
4900 37.92 
4950 41.25 
5000 29.83 
5050 35.71 
5100 46.56 
5150 43.52 
5200 33.62 
5250 38.14 
5300 27.76 
5350 39.38 
5400 36.13 
5450 42.42 
5500 44.98 
5550 31.08 
5600 42.03 
5650 52.37 
5700 50.3 
5750 38.51 
5800 40.13 
5850 38.86 
5900 45.1 
5950 49.62 
6000 48.73 
6050 47.5 
6100 41.06 
6150 47.02 
6200 56.19 
6250 53.23 
6300 39.49 
6350 45.47 
6400 48.84 
6450 65.46 
6500 66.23 
6550 63.76 
6600 55.16 
6650 57.08 
6700 55.52 
6750 53.27 
6800 47.09 
6850 45.81 
6900 49.82 
6950 57.58 
7000 72.28 
7050 66.12 
7100 49.3 
7150 56.13 
7200 45.64 
7250 51.07 
7300 44.72 
7350 55.41 
7400 44.74 
7450 51.32 
7500 44.15 
7550 47.81 
7600 46.67 
7650 51.49 
7700 47.73 
7750 61.15 
7800 53.86 
7850 49.98 
7900 39.53 
7950 51.05 
8000 51.37 
8050 45.75 
8100 56.34 
8150 52.01 
8200 48.39 
8250 51.86 
8300 51.4 
8350 38.9 
8400 52.6 
8450 60.56 
8500 57.54 
8550 49.75 
8600 50.38 
8650 54.81 
8700 53.12 
8750 45.88 
8800 62.89 
8850 49.99 
8900 64.43 
8950 63.93 
9000 59.29 
9050 53.27 
9100 66.49 
9150 63.34 
9200 63.54 
9250 58.39 
9300 69.19 
9350 61.69 
9400 67.6 
9450 64.49 
9500 69.15 
9550 69.77 
9600 67.5 
9650 64.05 
9700 67.08 
9750 62.52 
9800 69.51 
9850 68.64 
9900 70.32 
9950 67.29 
10000 61.51 
10050 60.08 
10100 68.33 
10150 62.24 
10200 72.17 
10250 69.73 
10300 71.74 
10350 64.57 
10400 72.32 
10450 67.25 
10500 66.02 
10550 74.38 
10600 72.92 
10650 70.68 
10700 70.52 
10750 73.67 
10800 70.41 
10850 74.03 
10900 66.45 
10950 67.43 
11000 68.55 
11050 69.51 
11100 71.49 
11150 74.27 
11200 77.4 
11250 68.79 
11300 77.06 
11350 77.42 
11400 75.25 
11450 72.86 
11500 82.09 
11550 75.67 
11600 73.13 
11650 69.59 
11700 72.75 
11750 76.71 
11800 75.3 
11850 78.48 
11900 75.5 
11950 71.12 
12000 75.04 
12050 76.64 
12100 76.3 
12150 72.29 
12200 74.9 
12250 79.79 
12300 74.44 
12350 71.93 
12400 74.59 
12450 70.64 
12500 74.74 
12550 69.5 
12600 74.69 
12650 76.43 
12700 71.7 
12750 71.04 
12800 81.7 
12850 84.28 
12900 63.88 
12950 68.68 
13000 64.32 
13050 79.67 
13100 77.33 
13150 78.64 
13200 71.08 
13250 80.01 
13300 70.38 
13350 69.6 
13400 63.11 
13450 75.23 
13500 81.42 
13550 73.05 
13600 77.64 
13650 82.21 
13700 60.23 
13750 67.21 
13800 56.47 
13850 72.19 
13900 72.08 
13950 60.04 
14000 70.95 
14050 71.99 
14100 76.37 
14150 64.76 
14200 65.9 
14250 70.36 
14300 80.98 
14350 69.26 
14400 65.51 
14450 78.65 
14500 71.89 
14550 67.15 
14600 75.78 
14650 64.22 
14700 73.7 
14750 76.35 
14800 70.11 
14850 68.01 
14900 74.17 
14950 78.93 
15000 72.35 
15050 79.28 
15100 62.8 
15150 65.44 
15200 68.15 
15250 69.78 
15300 68.07 
15350 69.94 
15400 61.87 
15450 74.25 
15500 70.63 
15550 69.74 
15600 76.87 
15650 66.83 
15700 67.39 
15750 67.91 
15800 65.65 
15850 64.61 
15900 68.21 
15950 75.5 
16000 68.75 
16050 71.33 
16100 64.76 
16150 72.06 
16200 81.23 
16250 74.68 
16300 81.81 
16350 71.66 
16400 71.35 
16450 73.44 
16500 80.16 
16550 79.77 
16600 63.62 
16650 61.11 
16700 62.39 
16750 67.61 
16800 61.18 
16850 73.59 
16900 68.05 
16950 65.33 
17000 61.21 
17050 50.62 
17100 55.9 
17150 66.45 
17200 65.74 
17250 65.62 
17300 73.94 
17350 66.5 
17400 62.08 
17450 64.55 
17500 57.48 
17550 58.05 
17600 62.07 
17650 61.64 
17700 69.4 
17750 65.69 
17800 71.42 
17850 73.17 
17900 61.89 
17950 76.27 
18000 71.79 
18050 74.95 
18100 66.88 
18150 69.19 
18200 72.25 
18250 62.17 
18300 65.09 
18350 56.35 
18400 63.31 
18450 67.68 
18500 53.44 
18550 66.82 
18600 56.15 
18650 52.33 
18700 68.31 
18750 71.23 
18800 74.78 
18850 68.59 
18900 63.77 
18950 67.34 
19000 67.32 
19050 61.69 
19100 73.51 
19150 65.78 
19200 61.7 
19250 69.31 
19300 73.72 
19350 69.99 
19400 64.79 
19450 69.57 
19500 63.94 
19550 75.13 
19600 65.23 
19650 70.91 
19700 72.67 
19750 71.6 
19800 65.89 
19850 64.94 
19900 69.97 
19950 68.69 
20000 64 
