2.15 3.04 
-0.48 -1.6 
-1.49 -0.96 
-1.72 -1.24 
-2.28 0.37 
-1.92 -1.36 
3.01 5.12 
6.86 7.55 
6.82 1.18 
1.58 1.96 
21.79 25.23 
8.53 12.04 
10.05 20.02 
11.69 21.06 
8.87 14.99 
36.4 19.35 
13.67 15.96 
12.65 6.54 
14.04 19.76 
9.08 11.16 
16.38 11.84 
11.26 13.36 
8.54 11.12 
14.27 11.04 
9.71 12.91 
20.99 17.86 
21.18 26.8 
7.74 13.58 
12.43 6.4 
21.23 13.79 
12.12 16.16 
14.88 16.57 
9.36 12.42 
4.69 8.18 
16.42 8.58 
14.52 13.96 
7.76 12.96 
6.58 6.69 
9.33 9.52 
14.17 14.42 
8.4 2.28 
0.27 -0.64 
1.71 0.99 
5.32 2.63 
-0.43 0.53 
-0.43 0.34 
4.25 2.01 
-1.88 -0.45 
-2.16 -0.67 
-0.63 -2.1 
-2.46 -2.54 
-1.89 -0.83 
-2.39 -2.52 
-1.48 -1.84 
-0.12 0.6 
-0.54 -0.93 
1.83 2.42 
1.89 1.05 
3.37 7.62 
4.52 -2.55 
-0.57 0.29 
-1.32 -0.73 
7.34 1.52 
1.09 4.46 
9.64 1.65 
6.24 5.3 
1.2 1.72 
2.59 3.21 
-1.38 -0.1 
-1.61 0.16 
0.57 0.16 
-0.89 5.49 
1.86 1.1 
2.5 0.47 
4.42 0.2 
3.35 4.75 
0.52 1.32 
5.93 3.52 
4.24 -0.83 
1.3 0.12 
-2.39 0.67 
5.62 2.56 
11.08 7.63 
3.73 1.16 
1.14 1.34 
7.54 0.94 
3.09 3.18 
4.17 2.19 
6.41 7.1 
3.58 3.22 
7.48 10.79 
13.01 20.43 
9.92 6.4 
26.86 10.97 
14.03 10.6 
14.41 22.13 
20.5 22.65 
17.77 26.05 
20.37 30.07 
13.51 17.28 
16.11 22.99 
24.36 26.79 
11.74 14.19 
12.22 13.51 
15.12 21.6 
18.43 22.19 
17.14 15.05 
22.25 23.66 
19.57 22.19 
14.15 13.71 
14.72 16.25 
20.57 18.65 
21.02 25.32 
40.08 32.29 
44.53 26.84 
31.48 28.79 
19.42 25.49 
23.5 23.84 
26.8 20.43 
16.08 23.64 
18.44 24.03 
21.85 24.24 
19.13 19.33 
30.82 22.37 
23.17 31.87 
14.06 24.19 
16.3 23.9 
35.85 32.52 
27.98 38.34 
24.66 21.14 
4.24 7.51 
3.65 9.36 
19.23 10.4 
12.48 4.7 
8.73 1.38 
5.51 24.19 
14.21 7.47 
6.99 6.28 
10.09 10.32 
15.16 15.48 
11.72 10.71 
15.89 20.47 
11.97 13.88 
1.99 4.46 
-0.06 1.29 
1.23 7.55 
-0.79 -0.23 
0.94 -0.29 
3.73 1.14 
-0.48 -0.61 
-0.7 -0.24 
1.49 -0.3 
2.12 -0.93 
5.44 6.67 
5.7 7.34 
6.93 7.32 
5.36 10.03 
14.53 12.3 
6.57 12.82 
5.14 13.78 
6.75 11.83 
4.57 4.76 
2.01 7.66 
3.64 5.26 
12.73 9.01 
2.83 3.69 
10.64 3.35 
5.5 3.46 
1.04 0.95 
-0.31 1.14 
-1.35 -0.47 
0.86 2.71 
-0.76 -1.04 
-1.57 -2.18 
-1.31 1.1 
1.26 2.24 
-0.62 1.41 
-0.64 -0.04 
3.08 2.23 
1.33 2.22 
-2.62 -1.29 
-0.61 -1.23 
-0.37 3.14 
2.8 5.32 
4.01 3.41 
-2.31 0.23 
8.23 2.26 
-1.39 -1.14 
-2.3 -1.96 
-2.94 -2.81 
-0.73 -2.49 
-0.24 -2.69 
-2.24 1.32 
2.86 -0.4 
-0.37 0.1 
-2.24 -3.01 
0.18 -2.58 
-2.42 -2.46 
1.02 -1.32 
0.61 0.85 
4.94 3.83 
-0.12 3.32 
-0.26 0.66 
0.61 2.98 
12.12 2.03 
19.31 5.42 
5.91 -0.37 
-1.06 7.9 
-0.87 2.41 
0.04 2.57 
-1.83 -0.11 
-1.01 -0.25 
-0.65 2.85 
2.14 0.35 
-1.79 -0.9 
-0.68 -1.49 
-0.66 -1.92 
-1.62 -0.71 
-2.16 -1.28 
-1.02 0.01 
1.36 0.23 
6.54 3.18 
2.96 8.63 
3.02 5.72 
-1.63 0.91 
3.15 4.03 
-1.64 1.5 
-1.98 -1.73 
-2.37 -1.44 
-1.43 -2.28 
2.42 -0.54 
0.72 2.41 
-1.98 0.19 
-1.61 -0.24 
-2.07 -1.26 
-2.15 -0.82 
-0.44 -0.32 
-1.34 -0.87 
2.18 1.82 
1.31 3.83 
1.77 4.09 
1.91 0.62 
-1.67 -0.05 
6.9 5.67 
1.19 0.44 
-0.23 3.61 
1.66 4.66 
-1.77 -1.64 
-1.92 -1.19 
-0.15 0.07 
0.24 3.59 
2.12 1.65 
0.44 5.04 
-0.39 -0.17 
0.1 -0.91 
-2.09 0.58 
-1.38 -0.33 
0.73 -0.03 
2.43 4.41 
0.89 2.07 
-2.17 -1.53 
4.32 0.88 
-0.63 0.58 
3.2 -0.74 
2.61 0.95 
3.84 2.07 
5.71 10.98 
6.38 6.83 
7.23 3.57 
4.76 4.59 
-2.3 3.63 
1.94 0.98 
-1.54 -0.94 
-1.45 -0.64 
-1.52 -1.58 
-1.21 -0.55 
-0.26 -1.2 
-0.69 -1.78 
0.25 6.34 
-0.15 -1.34 
-1.88 0.88 
-0.87 -0.92 
-1.16 -0.36 
6.34 3.11 
13.59 8.91 
4.21 2.38 
1.33 6.23 
4.18 3.92 
5.42 4.31 
5.02 4.44 
2.56 3.74 
5.29 8.65 
3.82 4.82 
9.53 3.81 
7.84 4.45 
2.43 6.02 
0.79 4.11 
4.65 2.39 
0.7 2.77 
-0.3 -0.95 
-1.44 -1.83 
-1.64 -0.51 
0.86 1.01 
-1 0.09 
-2.43 -1.75 
0.87 -1.7 
1.36 3.5 
0.21 3.35 
0.61 2.11 
1.23 4.05 
1.95 3.98 
-0.09 1 
0.24 0.97 
4 4.01 
7.18 4.33 
6.77 3.19 
6.18 11.47 
11.19 6.87 
2.07 3.38 
7.64 9.75 
16.52 4.32 
6.9 4.24 
6.27 11.32 
4.04 5.36 
14.99 21.62 
13.28 18.51 
15.33 6.88 
8.07 13.38 
18.76 20.46 
20.79 20.32 
16.13 14.9 
8.99 17.68 
14.74 21.71 
13.74 13.31 
26.75 27.34 
8.54 11.08 
6.44 13.74 
9.12 8.81 
11.57 8.85 
11.71 14.95 
3.23 -1.39 
4.51 6.35 
4.18 5.79 
3.13 3.84 
5.71 9.29 
2.59 9.42 
1.67 0.98 
2.93 9.3 
13.07 9.19 
13.53 8.61 
5.31 5.04 
1.49 4.34 
5.03 4.11 
5.74 7.7 
15.45 11.59 
4.81 4.94 
3.07 2.2 
4.82 5.24 
0.26 5.59 
3.96 2.32 
4.82 4.67 
2.11 4.47 
-1.94 -1.84 
-0.75 -0.66 
6.26 11.7 
8.61 10.86 
1.59 6 
5.26 4.37 
-0.55 1.87 
3.35 3.81 
-0.29 -0.83 
2.93 1.19 
2.09 0.06 
0.62 7.19 
11.32 0.41 
4.26 0.8 
0.35 0.15 
-1.14 1.72 
-2.6 1.79 
-1.29 -0.97 
1.1 6.31 
-0.97 0.09 
-0.92 -1.87 
-0.4 2.15 
5.81 2.13 
-0.26 -2.12 
3.02 4.35 
-2.13 1.39 
-2.51 -0.41 
-1.65 -0.58 
-1.41 0.47 
5.25 4.04 
3.16 5.08 
1.13 5.81 
5.15 1.52 
-0.78 0.91 
1.57 -2.33 
1.72 2.46 
4.11 4.55 
10.01 6.81 
