0.03 0.34 
-0.54 -0.12 
0.46 0.81 
-0.39 0.99 
0.42 0.72 
1.53 4.35 
-0.04 0.39 
0.3 -0.12 
0.57 1.36 
0.23 0.2 
-0.68 -0.05 
-0.54 -0.32 
0.55 -0.61 
0.38 0.3 
1.11 0.84 
1.62 0.6 
1.28 1.91 
1.29 1.73 
0.84 1.16 
0.34 1.24 
0.16 2.34 
1.41 1.47 
3.67 3.62 
6.57 3.45 
5.22 2.76 
7.47 6.5 
7.26 7.19 
7.15 5.29 
8.93 6.78 
9.44 8.58 
12.72 9.86 
9.93 12.81 
10.47 12.76 
5.54 14.88 
8.28 14.08 
6.7 9.86 
17.28 18.92 
13.64 16.95 
10.34 18.87 
18.54 22.52 
17.92 21.99 
18.13 16.79 
19.18 24.97 
19.8 15.84 
25.24 28.49 
24.72 31.31 
20.13 22.28 
28.61 28.25 
24 28.7 
24.36 23.39 
24.06 26.44 
22.74 28.14 
21.65 30.1 
21.49 28.02 
30.78 34 
25.1 34.84 
26.8 25.97 
35.16 35.73 
30.86 36.8 
30.93 33.67 
30.79 38.21 
25.57 32.85 
35.02 35.07 
41.41 46.59 
39.56 37.56 
38.44 42.37 
41.69 45 
34 40.72 
33.52 47.6 
39.43 40.78 
44.9 48.28 
35.16 40.34 
37.75 44.2 
38.23 42.77 
37.24 41.02 
42.67 46.8 
39.2 46.8 
42.84 44.63 
41.04 45.87 
36.9 33.92 
37.67 44.17 
45.84 50.53 
39.69 52.45 
41.43 50.38 
43.21 50.88 
45.94 59.23 
46.87 55.41 
40.63 55.6 
44.5 52.16 
36.36 48.65 
54.96 53.38 
42.23 46.84 
41.53 54.54 
48.48 55.72 
37.6 47.2 
48.97 50.77 
44.87 50.85 
48.64 53.26 
48.54 56.76 
35.69 42.13 
46.36 50.65 
40.16 49.97 
40.12 51.72 
46.8 52.3 
42.97 48.69 
40.28 49.82 
47.87 56.6 
49.81 58.24 
46.64 58.06 
52.96 53.71 
50.09 59.74 
49.31 58.01 
56.64 62.12 
54.03 56.08 
51.76 49.87 
53.38 56.92 
62.53 64.65 
55.7 62.2 
60.15 59.74 
52.55 59.93 
55.17 61.58 
58.58 64.32 
54.68 64.32 
61.97 61.14 
61.09 66.11 
62.64 66.43 
62.69 68.85 
52.62 61.82 
59.85 64.06 
54.17 60.44 
56.92 51.96 
66.04 61.92 
57.7 65.67 
58.87 68.74 
65.88 66.92 
59.32 64.61 
49.7 59.08 
55.12 61.87 
51.44 61.76 
53.87 60.56 
58.58 65.25 
68.66 74.2 
58.53 73.06 
59.72 65.5 
62.53 70.01 
55.87 64.35 
59.78 68.12 
58.59 71.92 
56.93 67 
51.16 63.45 
58.15 64.9 
56.82 63.79 
62.63 72.2 
52.41 65.53 
51.2 64.55 
58.65 68.36 
62.44 66.59 
62.8 65.71 
57.76 65 
52.47 65.71 
56.6 66.15 
62.6 72.84 
56.38 72.44 
57.91 67.77 
66.24 72.81 
63.84 70.2 
61.95 68 
57.94 65.53 
61.46 66.53 
60.96 62.34 
61.67 66.59 
59.05 70.24 
58.84 65.32 
67.57 68.11 
61.26 68.37 
59.24 74.43 
60.91 71.78 
72.38 73.6 
63.71 68.08 
67.71 72.59 
69.71 73.68 
62.39 74.82 
66.91 70.4 
67.61 74.54 
55.56 65.02 
65.04 70.58 
64.21 70.62 
62.33 68.42 
65.77 73.96 
63.85 71.72 
59.26 66.72 
62.2 69.99 
67.48 72.91 
60.56 65.61 
59.84 67.97 
58.04 66.68 
58.48 68.68 
51.47 64.42 
56.39 66.2 
62.31 68.3 
65.02 67.06 
57.05 67.26 
67.95 72.11 
59.26 75.42 
58.77 73.41 
54.66 69.31 
61.17 65.01 
61.92 67.4 
49 70.26 
52.74 64.17 
54.17 58.82 
63.77 72.04 
60.91 68.78 
59.2 68.23 
58.31 62.9 
64.03 64.91 
61.9 65.79 
57.62 70.93 
60.26 69.63 
61.73 69.53 
68.95 67.51 
62.04 68.14 
61.61 70.55 
64.74 70.12 
64.74 71.42 
72.12 70.81 
65.16 69.06 
62.2 63.95 
54.09 69.75 
67.78 66.41 
67.63 72.27 
66.85 71.15 
59.87 68.52 
68.86 74.21 
66.85 69.2 
74.47 72.63 
65.21 71.18 
65.28 67.66 
68.32 76.14 
63.63 75.49 
65.41 74.35 
64.49 72.86 
62.13 67.52 
61.64 69.23 
66.96 70.83 
62.14 76.72 
61.61 69.01 
55.61 66.61 
65.09 71.2 
63.73 68.98 
59.74 70.4 
56.73 68 
56.51 65.03 
60.48 65.14 
57.98 66.88 
60.88 69.87 
71.95 79.45 
57.19 68.58 
62.78 65.65 
65.63 73.74 
60.54 69.86 
65.23 78.33 
62.43 73.47 
67.08 75.84 
58.8 72.81 
63.64 73.38 
63.08 70.39 
61.97 66.56 
63.94 68.66 
72.73 66.38 
67.28 69.52 
61.28 71.33 
68.83 75.33 
65.18 65.81 
59.51 74.16 
58.04 70.45 
59.7 72.96 
59.51 67.93 
64.75 66.96 
60.55 68.72 
64.28 73.66 
66.89 72.06 
61.63 73.69 
64.02 74.25 
66.48 70.86 
62.55 75.58 
69.75 74.95 
61.69 70.17 
56.93 72.4 
62.91 70.72 
68.08 68.93 
64.6 72.46 
63.69 67.97 
58.08 65.61 
66.7 70.74 
60.13 68.88 
63.01 71.57 
60.55 70.03 
59.22 64.04 
64.81 68.27 
65.19 72.9 
67.07 69.43 
63.86 72.86 
63.12 68.34 
61.52 70.78 
62.95 69.09 
60.51 70.83 
59.05 70 
61.29 72.23 
59.58 73.8 
61.99 70.74 
63 67.47 
68.14 75.12 
64.54 71.61 
62.34 67 
61.52 68.37 
61.06 62.89 
64.67 74.59 
56.47 73.2 
57.64 70.75 
65.81 73.58 
63.15 70.39 
59.5 73.8 
64.3 72 
57 66.54 
55.13 65.85 
63.99 71.42 
63.61 70.16 
49.64 65.87 
53.48 62.97 
55.87 66.27 
57.99 73.08 
60.03 66.49 
63.26 73.29 
57.88 64.89 
58.94 68.26 
59.26 69.74 
65.88 78.45 
67.51 76.59 
59.69 74.17 
66.67 69.25 
62.01 72.39 
60.53 72.95 
69.25 74.38 
61.88 71.49 
63.03 70.53 
57.22 70.48 
69.03 74.96 
64.77 74 
68.4 78.1 
66.59 73.52 
63.31 67.99 
66.56 77.49 
73.99 77.74 
67.34 79.72 
66.48 77.82 
63.48 71.3 
61.94 69.43 
61.68 74.32 
65.61 75.39 
65.75 71.86 
64.24 74.13 
63.31 76.45 
65.1 77.77 
73.34 76.18 
66.87 78.26 
58.8 72.19 
65.85 72.64 
69.12 75.53 
66.49 72.31 
69.35 81.48 
64.67 71.81 
63.36 78.96 
68.1 72.07 
61.29 70.21 
64.21 75.27 
75.7 80.73 
64.78 73.9 
68.16 71.9 
61.25 74.73 
65.75 70.39 
56.03 70.83 
50.96 70.15 
61.2 71.65 
63.21 73.26 
62.36 69.62 
56.93 72.18 
67.57 74.45 
67.91 72.45 
65.53 71.49 
66.29 75.34 
61.79 70.11 
62.99 69.83 
69.57 73.65 
64.77 72.59 
68.84 69.32 
66.26 73.75 
61.92 70.12 
63.94 71.79 
59.16 67.93 
