0.5 -1.46 
0.05 1.78 
-1.6 -1.91 
1.35 -1.55 
9.28 3.95 
5.11 10.33 
6.4 4.26 
12.25 6.39 
12.08 14.44 
3.59 3.62 
1.04 3.14 
11.83 8.32 
8.59 6.17 
17.13 10.21 
17.76 20.37 
9.83 12.54 
24.52 21 
24.25 20.52 
15.06 23.2 
13.78 19.86 
23.87 19.76 
19.53 24.63 
20.62 25.11 
11.5 10.27 
6.96 4.2 
9.39 7.2 
3.92 12.08 
4.24 8.1 
19.17 8.79 
12.06 15.7 
5.18 12.73 
10.29 16.49 
10.88 13.27 
14.49 14.65 
14.99 20.57 
28.96 9.49 
7.39 11.92 
14 16 
7.22 4.45 
6.98 10.38 
2.44 2.54 
3.84 0.68 
8.55 7.57 
9.68 10.35 
14.06 5.71 
24.44 20.7 
9.7 7.75 
17.6 8.72 
6.81 2.36 
1.55 5.37 
2.36 1.71 
2.35 2.5 
-0.25 -1.97 
7.33 3.98 
2.12 7.91 
0.56 -0.45 
0.03 -1.92 
0.48 -1.84 
8.77 4.24 
-2.12 1.37 
-0.53 -1.86 
-2.08 -2.05 
-1.62 -2.15 
-1.82 -0.54 
-0.92 -1.83 
-1.34 -0.91 
0.55 -0.23 
3.66 -1.5 
6.78 5.85 
4.33 7.3 
3.56 7.93 
2.09 3.24 
-0.05 4.14 
-0.52 6.59 
0.78 2.48 
-1 4.65 
-1.03 -0.7 
2.46 5.93 
4.7 5.47 
1.81 1.08 
0.5 1 
-0.68 2.11 
-1.25 4.78 
-2.52 -1.42 
-1.24 0.16 
2.68 0.74 
7.62 2.32 
3.64 4.41 
10.66 8.07 
9.07 7.27 
1.07 4.46 
7.37 1.48 
16.21 13.62 
11.93 8.84 
2.69 4.25 
8.4 11.88 
15.39 11.96 
13.65 14.09 
7.87 14.66 
11.91 14.36 
8.96 4.06 
-0.65 -0.6 
1.19 -1.67 
0.2 2.87 
3.26 2.38 
-0.83 5.56 
-2.27 -0.33 
-2.28 -2.11 
-0.09 -2.31 
-0.85 -1.95 
-0.81 -2.08 
-1.8 -0.83 
-1.15 -1.23 
-2.27 -1.53 
-2.58 -2.05 
-1.65 -1.66 
-1.72 -1.2 
-2 -2.09 
-2.41 -1.98 
-0.72 0.16 
5.48 -0.46 
-2.11 -2.18 
0.34 -0.93 
4.56 1.38 
-1.98 0.48 
0.34 -0.26 
2.22 -0.34 
2.86 -0.71 
-1.84 -2.05 
5.4 3.96 
5.44 4.38 
0.74 2.73 
1.95 1.28 
-2.17 -0.79 
-2.4 -2.59 
-2.2 -1.84 
-1.36 -0.82 
1.13 0.63 
-0.72 -0.39 
1.45 4.41 
-1.74 0.72 
-2.83 -2.55 
-1 -2.25 
-2.88 0.62 
0.02 2.3 
-2.74 -0.79 
0.89 -1.76 
-1.03 -1.44 
-1.2 -2.07 
0.52 0.86 
0.1 4.28 
4.93 0.46 
-1.63 2.03 
-2.4 -1.52 
-1.76 0.91 
1.18 1.52 
-2.13 1.24 
-0.25 -1.84 
1.55 -1.93 
1.32 -2.14 
-1.41 -0.58 
-2.31 -1.71 
-0.79 -1.57 
1.26 0.75 
-1.35 -2.95 
2.32 0.82 
-2.78 0.03 
-2.11 6.33 
-1.47 0.05 
-2.12 -2.18 
-1.28 -2.93 
-2.05 -1.46 
-1.91 -0.16 
0.71 4.94 
0.25 0.14 
0.52 2.84 
0.74 0.19 
1.76 4.25 
1.22 3.96 
8.89 8.02 
4.53 1.38 
9.29 5.19 
9.4 6.19 
7.13 4.55 
3.44 2.58 
5.51 9.21 
1.96 5.05 
5.9 6.88 
4.99 2.43 
-1.48 0.61 
0.24 1.72 
7.96 8.91 
12.08 3.81 
7.07 8.35 
7.78 3.91 
4.7 1.31 
7.02 4.28 
-1.02 0.37 
3.09 6.79 
0.66 5.77 
-0.02 14.76 
-2.9 -2.59 
-1.07 -1.22 
-0.67 -1.28 
-1.88 -1.11 
-0.5 1.88 
-1.86 -0.44 
2.22 0.88 
-2.57 -0.46 
-1.13 1.35 
-1.44 0.99 
-3.1 -2.69 
-2.72 -1.89 
-3.08 -2.67 
1.68 0.23 
-3.06 -0.77 
-0.22 -0.22 
-0.56 5.34 
-1.11 -1.03 
-0.74 1.21 
-2.69 -2.69 
-1.25 -0.37 
1.66 -2.29 
0.6 5.49 
-2.73 -2.16 
1.24 -1.64 
0.32 1.22 
6.93 2.31 
5.14 7.02 
13.52 3.95 
6.62 5.99 
11.36 8.85 
6.34 6.21 
4.41 4.9 
9.44 7.46 
12.29 21.34 
12.3 8.99 
11.39 6.24 
4.23 8.73 
2.13 5.29 
4.12 2.25 
8.45 8.86 
26.25 20.36 
7.54 4.79 
10.96 15.63 
5.3 15.33 
3.84 10.82 
16.37 8.68 
0.8 19.51 
7.47 2.73 
1.82 1.72 
0.18 -0.45 
2.73 4.89 
-0.26 3.45 
5.63 2.88 
5.66 1.15 
8.22 6.63 
10.63 14.63 
11.93 6.55 
6.42 13.93 
10.23 8.29 
7.26 11.32 
14.57 21.32 
29.59 24.56 
23.52 16.73 
26.36 33.6 
8.64 23.02 
26.43 6.43 
23.36 17.07 
14 14.87 
12.9 18.97 
5.58 5.6 
7.19 0.85 
7.45 13.41 
14.5 18.91 
12.16 6.59 
10.05 8.24 
5.92 13.18 
6.3 6.03 
15.38 12.07 
11.99 8.08 
-0.32 3.53 
9.05 0.89 
10.35 1.64 
10.42 15.11 
14.72 13.79 
19.8 8.01 
10.89 16.57 
6.49 11.14 
10.09 5.89 
4.56 5.59 
4.58 3.78 
2.96 3.87 
0.56 -2.25 
4.29 3.78 
3.13 2.41 
10.9 12.63 
3.7 6.6 
8.52 17.36 
8.99 2.11 
13.06 11.42 
5.41 5.29 
9.54 9.92 
4.96 10.68 
-2.25 -1.5 
1.94 2.49 
5.41 1.62 
6.25 -0.06 
13.95 5.38 
7.31 7.66 
3.77 10.68 
4.75 2.56 
2.29 3.89 
-0.87 4.14 
1.53 -0.18 
8.56 0.53 
8.46 7.69 
7.84 4.82 
7.13 13.31 
8.05 1.15 
7.7 13.84 
1.63 5.09 
-1.18 1.44 
1.15 -0.84 
1.6 8.8 
7.46 8.88 
7.04 11.21 
3.24 2.96 
3.38 0.8 
10.04 6.61 
11.13 11.34 
11.18 12.98 
3.44 2.12 
9.66 1.72 
10.81 5.8 
8.51 3.64 
13.38 18.17 
9.75 14.87 
14.26 13.68 
8.04 4.24 
6.11 5.35 
4.3 3.55 
7.98 1.83 
10.56 5.34 
6.38 5.93 
4.26 2.7 
-1.09 -2.12 
-0.32 2.5 
-1.15 1.48 
-0.56 -1.94 
2.97 4.51 
6.2 4.2 
1.08 5.43 
9.19 5.86 
8.18 7.89 
1.24 -0.84 
-0.14 1.66 
1.42 4.34 
1.19 0.16 
8.96 7.88 
-0.85 1.58 
6.94 12.32 
5 8.3 
8.04 8.02 
6.21 15.18 
0.14 3.34 
6.49 7.63 
6.52 4.71 
-0.67 0.17 
-0.73 1.3 
4.12 2.94 
-0.04 -2.1 
-1.71 -2.33 
-1.93 -0.58 
-1.92 -0.26 
-1.75 -1.09 
0.94 -0.24 
-2.49 -1.82 
0.53 -1.77 
-2.52 0.91 
-1.02 -1.28 
-2.22 -1.02 
14.2 3.37 
5.7 5.89 
3.03 6.68 
2.92 1.89 
-2.43 -1.5 
-0.05 0.06 
11.11 3.14 
1.91 3.25 
1.1 6.72 
-2.33 -0.87 
-2.43 -2.22 
-2.15 -2.07 
-0.19 0.36 
-0.12 3.01 
0.72 1.25 
6.73 6.16 
4.74 3.27 
9.78 8.48 
