-1.42 -0.69 
-1.63 0.9 
-1.25 -0.97 
0.06 -0.76 
-1.14 -1.73 
-1.89 -1.41 
3.21 2.56 
-1.2 -1.24 
0.16 -2.09 
-1.26 -1.48 
-2.08 -1.98 
0.24 -1.99 
-0.45 -1.54 
3.33 0.72 
1.9 3.82 
0.77 -1.65 
-2.26 -2.36 
0.28 -0.47 
-1.01 -1.99 
0.47 1.16 
-2.11 0.44 
-1.47 -0.99 
2.29 1.91 
7.38 4.07 
2.24 1.47 
-0.32 3.66 
1.34 1.71 
5.16 0.47 
-1.06 0.64 
8.19 5.78 
2.33 3.41 
19.04 15.31 
11.39 15.16 
14.19 17.54 
12.44 12.45 
21.75 26.74 
5.13 8.85 
23.69 12.6 
14.9 16.39 
16.02 19.83 
12.7 17.17 
20.77 30.54 
12.95 18.9 
13.37 12.43 
19.18 23.09 
15.36 13.83 
16.33 19.84 
8.51 13.83 
15.15 10.88 
15.49 8.16 
17.7 22.31 
8.95 13.67 
12.19 17.09 
17.57 27.66 
28.58 27.99 
23.28 21.53 
23.33 27.37 
30.57 27.19 
20.55 25.27 
42.36 34.59 
36.65 45.42 
13.17 23.6 
19.93 13.74 
21.55 21.31 
26.56 26.63 
17.85 28.45 
34.76 32.62 
25.36 23.31 
28.78 27.5 
21.5 27.39 
13.79 12.75 
8.61 15.63 
15.71 16.74 
18.45 15.01 
14.95 20.23 
11.09 13.3 
16.05 11.08 
18.13 17.79 
16.71 23.8 
19.21 20.58 
12.17 25.99 
25.2 29.48 
15.18 27.48 
7.7 16.34 
27.19 34.88 
39.8 37.3 
31.79 28.08 
27.95 26.4 
19.02 37.45 
8.35 23.55 
18.59 19.01 
14.97 22.87 
18.31 22.83 
47.45 33.07 
34.89 45.98 
19.91 23.69 
35.4 42 
41.03 37.92 
30.94 41.25 
34.8 29.83 
29.5 35.71 
37.86 46.56 
43.66 43.52 
33.86 33.62 
46.06 38.14 
30.02 27.76 
39.28 39.38 
33.96 36.13 
30.92 42.42 
37.41 44.98 
27.02 31.08 
35.1 42.03 
40.55 52.37 
37.3 50.3 
37.47 38.51 
38.93 40.13 
38.49 38.86 
41.42 45.1 
45.57 49.62 
54.9 48.73 
50.58 47.5 
25.05 41.06 
44.31 47.02 
58.39 56.19 
43.32 53.23 
44.85 39.49 
39.1 45.47 
49.17 48.84 
47.68 65.46 
62.53 66.23 
53.72 63.76 
51.17 55.16 
49.27 57.08 
53.32 55.52 
45.29 53.27 
51.57 47.09 
43.84 45.81 
47.46 49.82 
55.98 57.58 
65.14 72.28 
64.26 66.12 
53.68 49.3 
63.2 56.13 
46.53 45.64 
48.99 51.07 
33.78 44.72 
46.22 55.41 
43.07 44.74 
36.42 51.32 
35.7 44.15 
46.62 47.81 
56.34 46.67 
39.17 51.49 
47.16 47.73 
53.54 61.15 
52.34 53.86 
54.4 49.98 
32.81 39.53 
57.59 51.05 
49.26 51.37 
49.69 45.75 
49.26 56.34 
43.52 52.01 
40.9 48.39 
47.34 51.86 
50.02 51.4 
33.08 38.9 
56.43 52.6 
52.8 60.56 
52.58 57.54 
43.19 49.75 
61.02 50.38 
43.4 54.81 
48.27 53.12 
51.47 45.88 
52.86 62.89 
37.35 49.99 
49.6 64.43 
72.9 63.93 
48.02 59.29 
44.16 53.27 
68.01 66.49 
61.52 63.34 
60.97 63.54 
53.69 58.39 
72.06 69.19 
61.26 61.69 
55.36 67.6 
71.94 64.49 
73.32 69.15 
54.73 69.77 
64.78 67.5 
53.46 64.05 
50.48 67.08 
60.94 62.52 
63.33 69.51 
54.35 68.64 
78.76 70.32 
68.09 67.29 
62.29 61.51 
65.39 60.08 
55.03 68.33 
61.19 62.24 
62.97 72.17 
62.24 69.73 
59.68 71.74 
64.12 64.57 
69.79 72.32 
60.69 67.25 
68.33 66.02 
67.64 74.38 
58.66 72.92 
52.24 70.68 
68.79 70.52 
72.14 73.67 
69.95 70.41 
71.78 74.03 
59.47 66.45 
67.85 67.43 
69.3 68.55 
59.88 69.51 
66.62 71.49 
63.29 74.27 
72.07 77.4 
61.97 68.79 
75.31 77.06 
69.72 77.42 
66.23 75.25 
66.91 72.86 
73.23 82.09 
73.18 75.67 
68.51 73.13 
70.44 69.59 
68.3 72.75 
72.15 76.71 
67.66 75.3 
75 78.48 
78.8 75.5 
68.29 71.12 
76.07 75.04 
71.31 76.64 
73 76.3 
69 72.29 
59.49 74.9 
77.3 79.79 
68.53 74.44 
67.86 71.93 
61.73 74.59 
64.41 70.64 
71.12 74.74 
63.24 69.5 
67.93 74.69 
62.28 76.43 
69.49 71.7 
59.73 71.04 
75.21 81.7 
60.05 84.28 
61.07 63.88 
56.1 68.68 
62.33 64.32 
65.29 79.67 
61.95 77.33 
62.28 78.64 
66.37 71.08 
74.78 80.01 
65.24 70.38 
50.98 69.6 
54.02 63.11 
65.03 75.23 
62.63 81.42 
54.24 73.05 
64.02 77.64 
62.3 82.21 
46.47 60.23 
60.62 67.21 
58.44 56.47 
65.04 72.19 
61.07 72.08 
60.41 60.04 
60.93 70.95 
53.81 71.99 
65.32 76.37 
57 64.76 
63.19 65.9 
49.15 70.36 
57.14 80.98 
61.44 69.26 
63.38 65.51 
71.68 78.65 
64.71 71.89 
53.52 67.15 
69.44 75.78 
59.2 64.22 
47.14 73.7 
52.51 76.35 
56.42 70.11 
57.5 68.01 
59.69 74.17 
76.56 78.93 
59.84 72.35 
79.92 79.28 
65.63 62.8 
70.13 65.44 
68.61 68.15 
70.43 69.78 
66.94 68.07 
68.4 69.94 
63.99 61.87 
69.98 74.25 
64.37 70.63 
69.14 69.74 
63.96 76.87 
68.42 66.83 
64.34 67.39 
61.93 67.91 
54.38 65.65 
63.96 64.61 
70.64 68.21 
73.44 75.5 
63.45 68.75 
54.3 71.33 
57.64 64.76 
65.93 72.06 
75.01 81.23 
70.15 74.68 
77.16 81.81 
68.11 71.66 
66.61 71.35 
74.46 73.44 
76.2 80.16 
71.97 79.77 
60.74 63.62 
62.45 61.11 
62.25 62.39 
55.96 67.61 
65.43 61.18 
68.08 73.59 
54.77 68.05 
57.03 65.33 
49.37 61.21 
61.16 50.62 
56.85 55.9 
57.16 66.45 
53.25 65.74 
47.91 65.62 
69.16 73.94 
51.05 66.5 
53.87 62.08 
65.44 64.55 
46.8 57.48 
41.64 58.05 
65.56 62.07 
54.51 61.64 
54.31 69.4 
51.34 65.69 
55.15 71.42 
52.82 73.17 
67.38 61.89 
61.33 76.27 
67.36 71.79 
67.34 74.95 
65.43 66.88 
73.01 69.19 
73 72.25 
65.74 62.17 
58.91 65.09 
64.39 56.35 
51.68 63.31 
56.62 67.68 
51.63 53.44 
64.36 66.82 
58.11 56.15 
51.92 52.33 
57.78 68.31 
66.03 71.23 
76.47 74.78 
54.04 68.59 
56.18 63.77 
64.63 67.34 
66.41 67.32 
63.69 61.69 
60.76 73.51 
63.73 65.78 
60.3 61.7 
66.05 69.31 
70.27 73.72 
66.33 69.99 
60.11 64.79 
63.6 69.57 
62.11 63.94 
64.47 75.13 
71.52 65.23 
64.98 70.91 
74.18 72.67 
59.4 71.6 
65.85 65.89 
60.38 64.94 
64.23 69.97 
58.8 68.69 
52.28 64 
