-2.07 -1.88 
2.27 6.4 
1.46 -1.25 
2.53 10.14 
12.85 17.43 
9.04 10.73 
9.84 20.75 
11.55 11.27 
27.91 20.41 
18.66 20.54 
24.55 33.89 
22.88 20.97 
18.33 20.72 
20.03 23.54 
24.19 26.67 
17.52 18.08 
9.43 20.78 
14.72 18.2 
13.82 9.58 
9.16 11.13 
15.84 14.02 
20.18 13.23 
29.63 25.75 
22.33 24.86 
18.88 14.95 
18.33 20.15 
28.41 17.11 
15.42 22.93 
27.08 25.43 
38.81 34.73 
26.78 36.41 
29.28 17.39 
24.53 28.96 
10.29 14.71 
12.16 21.96 
15.15 18.09 
15.29 10.6 
17.39 18.27 
18.55 27.46 
26.19 19.35 
20.22 18.62 
22.83 16.02 
24.98 27.84 
17.22 15.24 
12.99 18.78 
24.56 27.9 
26.26 22.17 
25.03 28.25 
26.98 30.2 
21.62 22.23 
17.91 20.12 
19.21 31.7 
30.31 35.33 
32.44 37.51 
24.02 29.11 
14.34 22.81 
24.44 21.86 
7.79 8.8 
9.09 6.88 
6.77 9.61 
14.06 11.98 
10.56 8.48 
6.8 2.37 
7.88 3.64 
11.82 9.44 
26.02 24.97 
16.56 15.75 
18.37 15.59 
9.58 7.75 
14.23 16.14 
7.84 7.05 
11.81 9.09 
15.03 11.79 
6.78 10.18 
8.56 11.21 
13.06 11.17 
13.71 22.63 
9.52 8.27 
7.95 15.68 
20.53 19.7 
2.32 7.3 
7 4.51 
0.46 9.37 
3.95 3.21 
4.42 5.57 
6.3 7.31 
7.9 11.96 
10.42 12 
5.83 6.46 
3.66 3.17 
3.89 10.41 
16.95 16.63 
4.89 15.05 
9.39 12.11 
4.56 9.47 
31.27 17.61 
8.76 9.43 
8.78 9.69 
14.06 14.72 
17.38 24.43 
22.28 20.36 
22.2 23.23 
31.33 29.32 
22.43 29.96 
26.61 22.42 
24.83 32.56 
41.1 46.05 
34.93 34.2 
28.13 25.88 
28.57 28.64 
28.86 29.26 
30.38 31.51 
50 30.81 
44.85 42.61 
25.94 32.63 
33.93 39.04 
38.17 40.68 
29.5 31.95 
23.63 39.96 
22.93 28.15 
26.85 18.86 
22.97 26.96 
29.09 20.06 
32.62 38.51 
17.72 34.38 
21.77 20.83 
24.5 26.62 
31.31 25.1 
23.06 31.97 
18.37 20.04 
31.07 26.99 
35.84 27.5 
30.78 33.13 
40.91 28.45 
27.81 27.81 
43.75 45.47 
30.23 34.31 
23.82 22.36 
20.13 20.63 
22.91 20.59 
26.72 15.05 
19.47 20.89 
7.22 10.25 
27.09 26.13 
33.39 31.89 
25.7 22.4 
17.49 16.56 
25.69 16.83 
12.04 13.17 
13.96 15.7 
8.43 15.7 
10.21 16.61 
27.14 32.84 
20.99 29.56 
33.01 27.37 
25.9 30.45 
30.18 17.87 
32.51 36.71 
37.11 44.28 
23.44 28.42 
36.02 30.68 
31.24 42.86 
15.78 24.24 
14.11 17.07 
15.52 22.18 
14.12 11.31 
9.97 14.67 
16.88 6.72 
11.42 8.85 
22.09 15.25 
15.44 15.44 
25.54 15.52 
17.13 23.96 
27.44 29.65 
37.37 36.36 
18.58 37.24 
40.39 44.88 
44.19 53.17 
40.45 40.57 
46.67 44.78 
31.95 46.15 
27.08 42.12 
47.4 52.44 
42.47 34.31 
30.65 42.62 
45.01 43.3 
27.35 36.36 
41.1 46.35 
47.27 49.06 
36.54 37.8 
33.95 38.47 
27.34 43.6 
40.63 41.87 
29.21 48.09 
54.5 58.68 
42.39 50.67 
47.65 59.97 
35.36 37.96 
44.02 50.96 
41.65 38.35 
43.99 36.09 
51.6 44.48 
40.16 50.1 
36.21 47.3 
37.45 39.65 
24.39 34.32 
38.46 50.53 
22.94 35.97 
27.32 34.75 
35.73 38.61 
29.42 33.34 
28.49 28.59 
30.03 22.76 
22.67 18.86 
45.48 26.34 
31.63 34.2 
19.42 24.28 
28.65 40.5 
26.41 33.08 
20.05 22.85 
24.52 16.79 
18.11 18.82 
34.45 12.92 
26.31 37.52 
26.75 38.04 
35.15 46.31 
35.42 38.48 
33.26 33.35 
13.25 22.86 
16.91 26.25 
11.81 21.04 
19.42 31.93 
9.5 18.75 
16.98 23.87 
28.64 17.12 
15.45 17.37 
11.77 22.09 
10.5 6.51 
11.29 22.28 
9.89 9.26 
18.51 14.55 
12.49 15.88 
10.19 6.15 
16.58 21.22 
14.28 22.38 
12.74 12.97 
9.22 9.16 
21.51 25.39 
19.02 16.62 
23.32 19.25 
16.52 31.09 
9.94 17.12 
33.62 34.14 
26.4 28.23 
17.97 19.66 
26.5 22.14 
22.75 21.59 
18.53 20.27 
7.39 10.62 
25.01 29.1 
24.9 17.38 
40.13 27.08 
25.83 32.18 
25.4 46.26 
32.27 39.3 
39.88 36.67 
48.04 40.69 
22.67 26.21 
41.89 35.16 
31.37 36.72 
44.49 38.93 
15.78 22.99 
24.16 18.85 
32.63 28.57 
15.77 20.85 
32.9 29.07 
20.2 27.98 
38.69 39.17 
30.31 30.87 
26.77 27.99 
41 38.03 
43.53 49.63 
26.29 37.67 
35.09 30.47 
28.91 38.56 
38.29 39.78 
40.37 32.89 
34.15 40.23 
31.55 39.62 
26.41 35 
28.31 34.06 
48.87 35.16 
40.56 56.52 
37.27 36.21 
25.21 32.36 
32.95 29.71 
29.4 35.46 
17.72 14.54 
27.65 20.09 
15.98 18.12 
26.69 19.19 
23.19 22.2 
25.75 27.79 
18.65 20.13 
15.58 18.26 
11.87 13.56 
25.12 23.55 
26.84 20.21 
20.13 24.83 
27.92 18.99 
30.44 20.74 
15.03 11.64 
23.23 20.19 
27.04 29.71 
26.56 31.29 
20.24 22.74 
10.36 15.43 
17.5 20.07 
24.96 36.52 
30.49 26.67 
25.59 31.27 
37.75 38.64 
36.55 35.43 
28.88 16.14 
40.42 22.7 
19.62 27.62 
31.59 27.1 
41.06 44.31 
44.54 39.18 
27.99 33.54 
29.83 48.41 
38.62 42.99 
16.1 30.75 
26.85 19.61 
33.93 36.05 
28.18 29.43 
35.45 43.18 
43.63 46.87 
41.33 45.47 
43.91 54.48 
56.36 53.56 
56.42 45.58 
50.73 41.08 
49.57 42.19 
44.85 57.9 
36.01 44.78 
35.89 40.38 
39.19 48.03 
46.32 59.75 
30.87 28.07 
48.55 48.12 
42.77 57.22 
33.3 47.34 
33.49 46.97 
46.28 41.25 
46.88 42.84 
44.06 46.17 
29.72 32 
33.87 29.33 
37.15 31.17 
31.32 48.61 
36.81 40.45 
29.22 31.58 
30.5 27.3 
48.2 45.4 
21.78 39.24 
37.53 29.65 
40.73 39.64 
34.84 35.17 
21.81 22.24 
36.3 39.86 
14.63 18.55 
23.37 23.94 
16.52 18.21 
9.7 16 
26.97 27.96 
21.3 21.52 
23.68 24.11 
30.77 31.61 
22.66 34.2 
15.71 29.65 
15.18 22.82 
18.27 28.24 
35.63 42.27 
28.92 28.02 
45.74 42.03 
31.08 32.8 
40.12 33.91 
33.22 34.81 
27.39 28.77 
21.84 37.53 
35.09 25.47 
38.75 41.22 
22.7 37.09 
26.76 27.01 
33.32 17.82 
38.89 25.95 
23.99 28.02 
33.44 37.96 
34.31 33.2 
