1.4 0.61 
-0.66 0.08 
-0.52 -0.63 
0.58 0.7 
-0.43 -0.58 
-0.59 -0.73 
0.99 0.33 
1.94 0.4 
2.43 2.1 
-0.18 1.77 
3.08 2.56 
0.45 2.77 
2.28 1.84 
1.27 2.39 
3.94 1.96 
4.85 4.26 
5.53 3.8 
7.31 7.23 
6.43 7.68 
5.48 3.99 
3.7 3.43 
4.65 2.34 
5.54 5.92 
9.87 5.33 
6.49 6.63 
0.92 2.63 
4.26 2.92 
3.09 3.47 
5.85 4.81 
3.14 3.13 
5.82 5.32 
4.57 2.37 
0.58 0.59 
1.79 3.12 
3.08 3.97 
9.8 7.07 
2.67 3.09 
1.26 1.6 
1.34 1.89 
1.78 1.06 
1.57 2.49 
3.69 3.59 
1.62 2.31 
5.19 4.12 
1.55 1.1 
0.75 1.52 
0.27 -0.38 
0.69 0.11 
-0.61 -0.33 
-0.68 -0.25 
-0.6 -0.24 
-0.31 -0.46 
-0.28 -0.52 
-0.6 -0.74 
1.09 1.31 
2.46 2.88 
1.05 2.28 
0.18 0.76 
3.41 5.51 
2.95 3.96 
1.8 3.57 
5.46 2.11 
0.2 -0.2 
5.26 4.89 
2.22 2.75 
1.62 2.14 
2.12 2.17 
3.33 2.43 
4.28 3.05 
4.8 3.6 
5.65 5.1 
4.81 1.17 
1.69 1.32 
-0.09 2.56 
1.56 0.36 
0.31 0.74 
3.04 5.21 
1.96 2.39 
-0.53 0.46 
-0.65 -0.05 
0.61 2.45 
0.19 1.6 
-0.32 0.43 
-0.22 0.57 
2.23 -0.19 
2.51 1.4 
2.22 0.75 
2.65 0.57 
3.57 7.24 
1.51 3.1 
-0.28 1.26 
1.17 2.91 
1.4 1.83 
2.24 4.38 
1.13 -0.58 
3.55 -0.37 
1.7 1.35 
4.61 2.84 
4.53 4.58 
2.89 2.97 
7.76 4.27 
6.75 6.92 
2.62 6.6 
8.69 8.82 
6.7 11.8 
8.03 10.24 
3.85 12.12 
4.28 6.17 
6.85 9.16 
5.71 8.78 
10.48 14.36 
9.02 9.24 
8.11 10.28 
7.63 6.35 
8.78 8.47 
14.64 18.52 
9.76 10.99 
9.84 6.55 
4.59 7.42 
7.24 7.56 
6.41 9.05 
7.39 10.87 
3.67 5.72 
2.76 1.37 
9.13 6.11 
1.84 2.04 
2.64 0.85 
0.81 0.93 
-0.09 1.38 
1.62 2.44 
0.42 0.4 
8.41 8.7 
4.82 3.73 
3.4 4.11 
3.23 2.37 
0.74 2.22 
1.08 3.62 
6.61 2.95 
2.23 1.74 
4.58 2.06 
4.94 6.85 
5.13 3.77 
0.18 0.65 
1.79 0.22 
0.85 0.81 
0.44 0.73 
1.12 2.89 
1.21 0.51 
2.24 6.79 
0.7 5.18 
6.91 3.4 
9 5.73 
7.14 4.9 
0.84 2.27 
3.48 1.36 
2.32 0.83 
0.88 0.15 
2.89 0.49 
0.34 4.61 
2.14 1.86 
1.49 0.99 
1.86 1.05 
1.89 1.72 
0.76 2.18 
-0.54 0.25 
-0.35 -0.48 
-0.82 -0.73 
-0.7 -0.56 
-0.58 -0.58 
-0.86 -0.57 
-0.78 0.29 
3.3 2.28 
0.43 0.18 
-0.45 -0.47 
-0.35 0.27 
0.05 0.19 
0.36 1.01 
-0.28 -0.78 
0.95 1.03 
-0.05 -0.6 
-0.64 -0.67 
0.77 0.66 
-0.71 0.56 
0.01 -0.7 
0.17 -0.35 
-0.58 -0.08 
-0.26 -0.39 
-0.17 -0.77 
-0.41 1.64 
-0.49 -0.36 
1.27 1.36 
1.08 0.67 
-0.39 0.19 
-0.22 0.52 
-0.71 -0.64 
0.61 -0.64 
0.02 -0.64 
0.67 2.35 
1.69 4.28 
1.37 2.8 
3.31 2.35 
6.08 8.4 
5.31 7.12 
7.4 10.68 
10.08 10 
6.1 6.91 
6.46 13.2 
2 5.82 
3.72 8.51 
4.39 7.42 
5.65 5.12 
7.14 8.1 
4.88 4.6 
5.67 3.84 
3.25 6.49 
5.22 7.41 
5.94 5.38 
5.43 3.57 
6.1 4.64 
6.27 7.68 
6.86 7.35 
1.99 3.07 
2.36 1.25 
2.58 1.34 
0.83 1.83 
0.88 4.08 
3.06 4.46 
6.71 7.22 
5.95 5.94 
4.04 4.06 
-0.55 -0.5 
1.37 1.03 
1.69 0.11 
0.51 2.54 
0.45 1.07 
2.25 1.04 
1.74 1.94 
2.1 1.8 
0.61 0.72 
-0.72 -0.2 
-0.32 -0.6 
-0.69 -0.24 
0.52 -0.24 
-0.39 -0.68 
0.22 0.25 
-0.49 1.12 
-0.05 0.73 
-0.72 -0.2 
0.6 1.97 
-0.7 -0.28 
2.52 0.37 
0.07 -0.26 
-0.04 0.18 
0.52 -0.42 
2.09 2.22 
2.07 0.21 
2.51 2.79 
3.09 4.37 
0.54 0.13 
0.79 1.78 
0.28 0.18 
3.3 0.72 
-0.35 -0.06 
0.48 -0.22 
-0.54 0.13 
-0.62 0.05 
-0.72 -0.22 
2.05 0.42 
2.83 2.26 
3.66 2.88 
2.47 3.96 
0.18 1.92 
1.95 2.12 
4 4.72 
1.74 1.67 
3 1.72 
3.74 5.67 
1.44 2.28 
3.01 6.75 
1.76 3.39 
6.51 6.78 
9.98 5.6 
3.45 9.7 
10.44 8.6 
12.02 12.75 
8.78 6 
4.4 7.17 
4.99 6.96 
7.75 7.16 
8.35 10.45 
7.87 9.79 
6.33 6.82 
6.57 4.43 
6.11 8.18 
5.07 4.48 
5.17 10.13 
7.76 8.29 
7.05 9.24 
11.38 12.18 
11.42 19.29 
6.83 9.66 
9.89 15.07 
15.05 10.2 
10.58 16.73 
6.2 6.53 
9.82 8.22 
16 13.99 
9.65 10.42 
8.16 7.25 
8.79 11.92 
12.08 14.81 
13.45 16.23 
12.59 12.23 
10.36 10.19 
9.4 12.79 
8.28 8.93 
7.77 10.78 
9.83 11.14 
7.69 12.02 
13.15 8.82 
16.02 16.06 
12.04 15.73 
18 16.14 
17.39 15.18 
13.21 17.5 
15.99 12.86 
13.24 16.9 
11.6 13.82 
10.72 9.51 
6.94 8.08 
4.1 3.92 
3.59 4.82 
6.17 7.87 
4.09 5.18 
1.31 2.57 
2 6.21 
3.8 5.65 
5.42 2.2 
8.72 3.85 
4.87 6.59 
2.23 2.24 
2.88 4.61 
2.8 4.54 
4.46 9.28 
13.81 12.3 
8 12.92 
12.56 13.07 
15.08 15.77 
15.62 10.82 
10.56 8.95 
8.78 10.17 
12.21 16.08 
20.6 25.37 
10.52 12.38 
5.67 12.22 
10.28 7.14 
9.14 10.92 
7.57 4.79 
8.29 12.6 
9.05 11.33 
5.41 9.62 
4.01 4.49 
4.75 3.83 
6.33 4.09 
7 8.45 
8.47 8.43 
7.35 4.71 
4.66 2.29 
3.73 1.46 
4.26 4.52 
4.66 10.19 
2.61 3.69 
0.93 3.22 
2.62 4.01 
2.53 3.55 
2.62 0.39 
5 3.86 
4.7 4.14 
1.21 3.59 
3.46 2.83 
3.36 2.45 
6.54 3.1 
5.36 7.59 
5.19 2.15 
3.61 4.59 
2.41 4.63 
3.9 3.88 
7.38 3.66 
5.96 5.87 
9.32 10.96 
3.25 6.55 
6.62 10.2 
5.08 5.28 
5.62 4.09 
7.98 7.24 
6.89 4.57 
7.08 9.59 
6.26 2.02 
4.96 8.53 
3.84 2.25 
